1.000000000000000000e+00 0.000000000000000000e+00 0.000000000000000000e+00
4.999999999999998890e-01 4.999999999999998890e-01 7.071067811865474617e-01
1.999999999999999833e-01 7.999999999999999334e-01 5.656854249492380138e-01
1.000000000000000056e-01 8.999999999999999112e-01 4.242640687119285658e-01
5.882352941176470507e-02 9.411764705882352811e-01 3.327561323230812107e-01
0.000000000000000000e+00 1.000000000000000000e+00 0.000000000000000000e+00
7.999999999999999334e-01 1.999999999999999833e-01 5.656854249492380138e-01
8.999999999999999112e-01 1.000000000000000056e-01 4.242640687119285103e-01
9.411764705882352811e-01 5.882352941176470507e-02 3.327561323230812107e-01
3.076923076923077094e-01 6.923076923076924016e-01 6.527139518645054261e-01
6.923076923076924016e-01 3.076923076923077094e-01 6.527139518645054261e-01
3.599999999999999867e-01 6.400000000000001243e-01 6.788225099390856609e-01
6.400000000000001243e-01 3.599999999999999867e-01 6.788225099390857720e-01
4.999999999999998890e-01 4.999999999999998890e-01 -7.071067811865474617e-01
1.999999999999999833e-01 7.999999999999999334e-01 -5.656854249492380138e-01
1.000000000000000056e-01 8.999999999999999112e-01 -4.242640687119285658e-01
5.882352941176470507e-02 9.411764705882352811e-01 -3.327561323230812107e-01
7.999999999999999334e-01 1.999999999999999833e-01 -5.656854249492380138e-01
8.999999999999999112e-01 1.000000000000000056e-01 -4.242640687119285103e-01
9.411764705882352811e-01 5.882352941176470507e-02 -3.327561323230812107e-01
3.076923076923077094e-01 6.923076923076924016e-01 -6.527139518645054261e-01
6.923076923076924016e-01 3.076923076923077094e-01 -6.527139518645054261e-01
3.599999999999999867e-01 6.400000000000001243e-01 -6.788225099390856609e-01
6.400000000000001243e-01 3.599999999999999867e-01 -6.788225099390857720e-01
3.846153846153846367e-02 9.615384615384616751e-01 2.719641466102106220e-01
2.702702702702702853e-02 9.729729729729730270e-01 2.293319290334748795e-01
2.000000000000000042e-02 9.799999999999998712e-01 1.979898987322332993e-01
1.538461538461538720e-02 9.846153846153847811e-01 1.740570538305347970e-01
1.219512195121950915e-02 9.878048780487802549e-01 1.552185617238762694e-01
9.900990099009901110e-03 9.900990099009900902e-01 1.400211447894153804e-01
3.846153846153846367e-02 9.615384615384616751e-01 -2.719641466102106220e-01
2.702702702702702853e-02 9.729729729729730270e-01 -2.293319290334748795e-01
2.000000000000000042e-02 9.799999999999998712e-01 -1.979898987322332993e-01
1.538461538461538720e-02 9.846153846153847811e-01 -1.740570538305347970e-01
1.219512195121950915e-02 9.878048780487802549e-01 -1.552185617238762694e-01
9.900990099009901110e-03 9.900990099009900902e-01 -1.400211447894153804e-01
1.379310344827586188e-01 8.620689655172415478e-01 4.876598490941708164e-01
7.547169811320755817e-02 9.245283018867924696e-01 3.735658466645911946e-01
4.705882352941176405e-02 9.529411764705884025e-01 2.994805190907731118e-01
1.379310344827586188e-01 8.620689655172415478e-01 -4.876598490941708164e-01
7.547169811320755817e-02 9.245283018867924696e-01 -3.735658466645911946e-01
4.705882352941176405e-02 9.529411764705884025e-01 -2.994805190907731118e-01
2.647058823529411242e-01 7.352941176470586537e-01 6.239177481057771590e-01
1.551724137931034253e-01 8.448275862068963526e-01 5.120428415488791352e-01
1.232876712328767194e-01 8.767123287671233500e-01 4.649469246158121627e-01
8.256880733944951811e-02 9.174311926605502876e-01 3.892330905614022618e-01
2.647058823529411242e-01 7.352941176470586537e-01 -6.239177481057771590e-01
1.551724137931034253e-01 8.448275862068963526e-01 -5.120428415488791352e-01
1.232876712328767194e-01 8.767123287671233500e-01 -4.649469246158121627e-01
8.256880733944951811e-02 9.174311926605502876e-01 -3.892330905614022618e-01
3.902439024390244038e-01 6.097560975609757072e-01 6.898602743283391847e-01
2.461538461538461953e-01 7.538461538461540545e-01 6.091996884068718865e-01
1.649484536082474750e-01 8.350515463917528303e-01 5.248627654168188661e-01
3.902439024390244038e-01 6.097560975609757072e-01 -6.898602743283391847e-01
2.461538461538461953e-01 7.538461538461540545e-01 -6.091996884068718865e-01
1.649484536082474750e-01 8.350515463917528303e-01 -5.248627654168188661e-01
9.615384615384616751e-01 3.846153846153846367e-02 2.719641466102106220e-01
8.620689655172415478e-01 1.379310344827586188e-01 4.876598490941708164e-01
7.352941176470586537e-01 2.647058823529411242e-01 6.239177481057770480e-01
6.097560975609757072e-01 3.902439024390244038e-01 6.898602743283391847e-01
4.098360655737705582e-01 5.901639344262294973e-01 6.955148667408665997e-01
3.378378378378378843e-01 6.621621621621621712e-01 6.688847930143018150e-01
2.808988764044944575e-01 7.191011235955057090e-01 6.356016010665597182e-01
2.358490566037735603e-01 7.641509433962263564e-01 6.003736821395214696e-01
9.615384615384616751e-01 3.846153846153846367e-02 -2.719641466102106220e-01
8.620689655172415478e-01 1.379310344827586188e-01 -4.876598490941708164e-01
7.352941176470586537e-01 2.647058823529411242e-01 -6.239177481057770480e-01
6.097560975609757072e-01 3.902439024390244038e-01 -6.898602743283391847e-01
4.098360655737705582e-01 5.901639344262294973e-01 -6.955148667408665997e-01
3.378378378378378843e-01 6.621621621621621712e-01 -6.688847930143018150e-01
2.808988764044944575e-01 7.191011235955057090e-01 -6.356016010665597182e-01
2.358490566037735603e-01 7.641509433962263564e-01 -6.003736821395214696e-01
9.729729729729730270e-01 2.702702702702702853e-02 2.293319290334748795e-01
5.901639344262294973e-01 4.098360655737705582e-01 6.955148667408664886e-01
4.235294117647058765e-01 5.764705882352940680e-01 6.987878778784705203e-01
9.729729729729730270e-01 2.702702702702702853e-02 -2.293319290334748795e-01
5.901639344262294973e-01 4.098360655737705582e-01 -6.955148667408664886e-01
4.235294117647058765e-01 5.764705882352940680e-01 -6.987878778784705203e-01
9.799999999999998712e-01 2.000000000000000042e-02 1.979898987322332993e-01
9.245283018867924696e-01 7.547169811320755817e-02 3.735658466645912501e-01
8.448275862068963526e-01 1.551724137931034253e-01 5.120428415488791352e-01
7.538461538461540545e-01 2.461538461538461953e-01 6.091996884068718865e-01
6.621621621621621712e-01 3.378378378378378843e-01 6.688847930143019260e-01
5.764705882352940680e-01 4.235294117647058765e-01 6.987878778784705203e-01
4.336283185840707488e-01 5.663716814159291957e-01 7.008491990521532600e-01
3.769230769230769162e-01 6.230769230769230838e-01 6.853496494577308029e-01
3.288590604026845887e-01 6.711409395973154668e-01 6.643956333296420214e-01
9.799999999999998712e-01 2.000000000000000042e-02 -1.979898987322332993e-01
9.245283018867924696e-01 7.547169811320755817e-02 -3.735658466645912501e-01
8.448275862068963526e-01 1.551724137931034253e-01 -5.120428415488791352e-01
7.538461538461540545e-01 2.461538461538461953e-01 -6.091996884068718865e-01
6.621621621621621712e-01 3.378378378378378843e-01 -6.688847930143019260e-01
5.764705882352940680e-01 4.235294117647058765e-01 -6.987878778784705203e-01
4.336283185840707488e-01 5.663716814159291957e-01 -7.008491990521532600e-01
3.769230769230769162e-01 6.230769230769230838e-01 -6.853496494577308029e-01
3.288590604026845887e-01 6.711409395973154668e-01 -6.643956333296420214e-01
9.846153846153847811e-01 1.538461538461538720e-02 1.740570538305347970e-01
8.767123287671233500e-01 1.232876712328767194e-01 4.649469246158121627e-01
7.191011235955057090e-01 2.808988764044944575e-01 6.356016010665597182e-01
5.663716814159291957e-01 4.336283185840707488e-01 7.008491990521532600e-01
4.413793103448276356e-01 5.586206896551723089e-01 7.022301826956057758e-01
9.846153846153847811e-01 1.538461538461538720e-02 -1.740570538305347970e-01
8.767123287671233500e-01 1.232876712328767194e-01 -4.649469246158121627e-01
7.191011235955057090e-01 2.808988764044944575e-01 -6.356016010665597182e-01
5.663716814159291957e-01 4.336283185840707488e-01 -7.008491990521532600e-01
4.413793103448276356e-01 5.586206896551723089e-01 -7.022301826956057758e-01
9.878048780487802549e-01 1.219512195121950915e-02 1.552185617238762694e-01
9.529411764705884025e-01 4.705882352941176405e-02 2.994805190907731118e-01
8.350515463917528303e-01 1.649484536082474750e-01 5.248627654168189771e-01
7.641509433962263564e-01 2.358490566037735603e-01 6.003736821395214696e-01
6.230769230769230838e-01 3.769230769230769162e-01 6.853496494577308029e-01
5.586206896551723089e-01 4.413793103448276356e-01 7.022301826956058868e-01
4.475138121546962111e-01 5.524861878453040109e-01 7.032001138871745161e-01
9.878048780487802549e-01 1.219512195121950915e-02 -1.552185617238762694e-01
9.529411764705884025e-01 4.705882352941176405e-02 -2.994805190907731118e-01
8.350515463917528303e-01 1.649484536082474750e-01 -5.248627654168189771e-01
7.641509433962263564e-01 2.358490566037735603e-01 -6.003736821395214696e-01
6.230769230769230838e-01 3.769230769230769162e-01 -6.853496494577308029e-01
5.586206896551723089e-01 4.413793103448276356e-01 -7.022301826956058868e-01
4.475138121546962111e-01 5.524861878453040109e-01 -7.032001138871745161e-01
9.900990099009900902e-01 9.900990099009901110e-03 1.400211447894153527e-01
9.174311926605502876e-01 8.256880733944951811e-02 3.892330905614022618e-01
6.711409395973154668e-01 3.288590604026845887e-01 6.643956333296420214e-01
5.524861878453040109e-01 4.475138121546962111e-01 7.032001138871745161e-01
9.900990099009900902e-01 9.900990099009901110e-03 -1.400211447894153527e-01
9.174311926605502876e-01 8.256880733944951811e-02 -3.892330905614022618e-01
6.711409395973154668e-01 3.288590604026845887e-01 -6.643956333296420214e-01
5.524861878453040109e-01 4.475138121546962111e-01 -7.032001138871745161e-01
9.955752212389380462e-01 4.424778761061946841e-03 9.386373201591340087e-02
9.955752212389380462e-01 4.424778761061946841e-03 -9.386373201591340087e-02
4.424778761061946841e-03 9.955752212389380462e-01 9.386373201591340087e-02
4.424778761061946841e-03 9.955752212389380462e-01 -9.386373201591340087e-02
9.975062344139647985e-01 2.493765586034912655e-03 7.053434226299724885e-02
9.975062344139647985e-01 2.493765586034912655e-03 -7.053434226299724885e-02
2.493765586034912655e-03 9.975062344139647985e-01 7.053434226299724885e-02
2.493765586034912655e-03 9.975062344139647985e-01 -7.053434226299724885e-02
9.984025559105430547e-01 1.597444089456868943e-03 5.647817741106610223e-02
9.984025559105430547e-01 1.597444089456868943e-03 -5.647817741106610223e-02
1.597444089456868943e-03 9.984025559105430547e-01 5.647817741106609529e-02
1.597444089456868943e-03 9.984025559105430547e-01 -5.647817741106609529e-02
9.988901220865704644e-01 1.109877913429522991e-03 4.708813193251149692e-02
9.988901220865704644e-01 1.109877913429522991e-03 -4.708813193251149692e-02
1.109877913429522991e-03 9.988901220865704644e-01 4.708813193251149692e-02
1.109877913429522991e-03 9.988901220865704644e-01 -4.708813193251149692e-02
5.344418052256529883e-01 4.655581947743466786e-01 7.054271926326600717e-01
5.344418052256529883e-01 4.655581947743466786e-01 -7.054271926326600717e-01
4.655581947743466786e-01 5.344418052256529883e-01 7.054271926326600717e-01
4.655581947743466786e-01 5.344418052256529883e-01 -7.054271926326600717e-01
5.256241787122207798e-01 4.743758212877791092e-01 7.061776001337399800e-01
5.256241787122207798e-01 4.743758212877791092e-01 -7.061776001337399800e-01
4.743758212877791092e-01 5.256241787122207798e-01 7.061776001337399800e-01
4.743758212877791092e-01 5.256241787122207798e-01 -7.061776001337399800e-01
7.461139896373056857e-01 2.538860103626943698e-01 6.155126385458031812e-01
7.461139896373056857e-01 2.538860103626943698e-01 -6.155126385458031812e-01
2.538860103626943698e-01 7.461139896373056857e-01 6.155126385458031812e-01
2.538860103626943698e-01 7.461139896373056857e-01 -6.155126385458031812e-01
8.520710059171598960e-01 1.479289940828402428e-01 5.020876552803889004e-01
8.520710059171598960e-01 1.479289940828402428e-01 -5.020876552803889004e-01
1.479289940828402428e-01 8.520710059171598960e-01 5.020876552803889004e-01
1.479289940828402428e-01 8.520710059171598960e-01 -5.020876552803889004e-01
7.731543624161072437e-01 2.268456375838926176e-01 5.922612502824236014e-01
7.731543624161072437e-01 2.268456375838926176e-01 -5.922612502824236014e-01
2.268456375838926176e-01 7.731543624161072437e-01 5.922612502824237124e-01
2.268456375838926176e-01 7.731543624161072437e-01 -5.922612502824237124e-01
8.263988522238163714e-01 1.736011477761836563e-01 5.356562130078869055e-01
8.263988522238163714e-01 1.736011477761836563e-01 -5.356562130078869055e-01
1.736011477761836563e-01 8.263988522238163714e-01 5.356562130078869055e-01
1.736011477761836563e-01 8.263988522238163714e-01 -5.356562130078869055e-01
